Adobe After Effects 8.0 Keyframe Data

	Units Per Second	60
	Source Width	1920
	Source Height	1080
	Source Pixel Aspect Ratio	1
	Comp Pixel Aspect Ratio	1

Transform	Position
	Frame	X pixels	Y pixels
	0	960.00	540.00
	1	971.52	531.36
	2	983.03	522.74
	3	994.54	514.14
	4	1006.03	505.59
	5	1017.50	497.09
	6	1028.95	488.66
	7	1040.38	480.31
	8	1051.77	472.05
	9	1063.12	463.91
	10	1074.43	455.89
	11	1085.70	448.00
	12	1096.92	440.26
	13	1108.08	432.67
	14	1119.18	425.26
	15	1130.22	418.04
	16	1141.19	411.01
	17	1152.09	404.18
	18	1162.91	397.57
	19	1173.65	391.19
	20	1184.30	385.05
	21	1194.87	379.16
	22	1205.34	373.52
	23	1215.71	368.15
	24	1225.98	363.05
	25	1236.15	358.24
	26	1246.20	353.72
	27	1256.14	349.50
	28	1265.96	345.58
	29	1275.66	341.97
	30	1285.23	338.68
	31	1294.68	335.71
	32	1303.98	333.07
	33	1313.16	330.76
	34	1322.18	328.78
	35	1331.07	327.14
	36	1339.81	325.84
	37	1348.39	324.89
	38	1356.82	324.28
	39	1365.09	324.01
	40	1373.20	324.09
	41	1381.14	324.52
	42	1388.91	325.29
	43	1396.52	326.40
	44	1403.95	327.85
	45	1411.20	329.65
	46	1418.27	331.78
	47	1425.15	334.24
	48	1431.85	337.04
	49	1438.37	340.15
	50	1444.69	343.59
	51	1450.81	347.34
	52	1456.74	351.40
	53	1462.48	355.76
	54	1468.01	360.42
	55	1473.34	365.36
	56	1478.46	370.59
	57	1483.37	376.08
	58	1488.08	381.84
	59	1492.57	387.85
	60	1496.85	394.10
	61	1500.92	400.59
	62	1504.77	407.30
	63	1508.40	414.22
	64	1511.82	421.34
	65	1515.01	428.65
	66	1517.98	436.14
	67	1520.73	443.80
	68	1523.25	451.61
	69	1525.55	459.56
	70	1527.62	467.64
	71	1529.46	475.84
	72	1531.08	484.14
	73	1532.47	492.53
	74	1533.63	500.99
	75	1534.56	509.52
	76	1535.26	518.09
	77	1535.73	526.70
	78	1535.97	535.34
	79	1535.98	543.98
	80	1535.75	552.61
	81	1535.30	561.22
	82	1534.62	569.80
	83	1533.71	578.33
	84	1532.57	586.80
	85	1531.20	595.20
	86	1529.60	603.50
	87	1527.77	611.71
	88	1525.72	619.80
	89	1523.44	627.76
	90	1520.94	635.58
	91	1518.21	643.25
	92	1515.25	650.76
	93	1512.08	658.09
	94	1508.68	665.22
	95	1505.07	672.16
	96	1501.24	678.89
	97	1497.19	685.39
	98	1492.92	691.66
	99	1488.44	697.69
	100	1483.76	703.47
	101	1478.86	708.98
	102	1473.75	714.23
	103	1468.44	719.20
	104	1462.92	723.88
	105	1457.21	728.26
	106	1451.29	732.34
	107	1445.18	736.12
	108	1438.88	739.58
	109	1432.38	742.73
	110	1425.69	745.55
	111	1418.82	748.04
	112	1411.77	750.19
	113	1404.53	752.01
	114	1397.12	753.50
	115	1389.53	754.64
	116	1381.77	755.43
	117	1373.84	755.89
	118	1365.74	755.99
	119	1357.48	755.76
	120	1349.07	755.17
	121	1340.49	754.24
	122	1331.77	752.97
	123	1322.90	751.36
	124	1313.88	749.41
	125	1304.72	747.13
	126	1295.42	744.51
	127	1285.99	741.57
	128	1276.43	738.30
	129	1266.74	734.72
	130	1256.93	730.83
	131	1247.00	726.63
	132	1236.95	722.13
	133	1226.80	717.34
	134	1216.54	712.27
	135	1206.17	706.92
	136	1195.71	701.30
	137	1185.15	695.43
	138	1174.50	689.30
	139	1163.77	682.94
	140	1152.95	676.35
	141	1142.06	669.55
	142	1131.10	662.53
	143	1120.06	655.32
	144	1108.96	647.92
	145	1097.81	640.35
	146	1086.60	632.62
	147	1075.33	624.75
	148	1064.02	616.73
	149	1052.67	608.60
	150	1041.29	600.35
	151	1029.86	592.01
	152	1018.42	583.59
	153	1006.95	575.09
	154	995.45	566.54
	155	983.95	557.95
	156	972.44	549.33
	157	960.92	540.69
	158	949.40	532.05
	159	937.88	523.42
	160	926.38	514.83
	161	914.88	506.27
	162	903.41	497.76
	163	891.96	489.32
	164	880.53	480.97
	165	869.14	472.71
	166	857.78	464.55
	167	846.47	456.52
	168	835.20	448.62
	169	823.97	440.87
	170	812.81	433.27
	171	801.70	425.85
	172	790.66	418.61
	173	779.68	411.56
	174	768.78	404.72
	175	757.95	398.09
	176	747.20	391.69
	177	736.54	385.53
	178	725.97	379.62
	179	715.49	373.96
	180	705.11	368.57
	181	694.83	363.45
	182	684.66	358.61
	183	674.59	354.07
	184	664.64	349.82
	185	654.81	345.88
	186	645.11	342.25
	187	635.52	338.93
	188	626.07	335.94
	189	616.75	333.27
	190	607.57	330.93
	191	598.53	328.93
	192	589.63	327.26
	193	580.88	325.94
	194	572.29	324.95
	195	563.85	324.31
	196	555.56	324.02
	197	547.44	324.07
	198	539.49	324.47
	199	531.70	325.21
	200	524.08	326.30
	201	516.64	327.73
	202	509.37	329.49
	203	502.29	331.60
	204	495.39	334.04
	205	488.67	336.80
	206	482.15	339.89
	207	475.81	343.31
	208	469.67	347.03
	209	463.72	351.07
	210	457.97	355.41
	211	452.43	360.04
	212	447.08	364.96
	213	441.94	370.16
	214	437.01	375.63
	215	432.29	381.37
	216	427.78	387.36
	217	423.48	393.59
	218	419.39	400.06
	219	415.53	406.75
	220	411.88	413.66
	221	408.45	420.76
	222	405.24	428.06
	223	402.25	435.54
	224	399.48	443.18
	225	396.94	450.98
	226	394.63	458.92
	227	392.54	466.99
	228	390.68	475.18
	229	389.04	483.47
	230	387.63	491.86
	231	386.46	500.31
	232	385.51	508.84
	233	384.79	517.41
	234	384.30	526.02
	235	384.04	534.65
	236	384.02	543.29
	237	384.22	551.92
	238	384.65	560.54
	239	385.32	569.12
	240	386.21	577.65
	241	387.33	586.13
	242	388.68	594.53
	243	390.26	602.85
	244	392.07	611.06
	245	394.11	619.16
	246	396.37	627.13
	247	398.86	634.97
	248	401.57	642.65
	249	404.50	650.17
	250	407.66	657.51
	251	411.04	664.66
	252	414.64	671.62
	253	418.45	678.36
	254	422.48	684.88
	255	426.73	691.17
	256	431.19	697.22
	257	435.86	703.02
	258	440.75	708.56
	259	445.83	713.82
	260	451.13	718.81
	261	456.63	723.51
	262	462.33	727.92
	263	468.23	732.03
	264	474.32	735.83
	265	480.61	739.32
	266	487.10	742.49
	267	493.77	745.33
	268	500.62	747.85
	269	507.67	750.03
	270	514.89	751.88
	271	522.29	753.39
	272	529.86	754.56
	273	537.61	755.38
	274	545.53	755.86
	275	553.61	756.00
	276	561.85	755.79
	277	570.26	755.23
	278	578.82	754.33
	279	587.53	753.09
	280	596.39	751.50
	281	605.40	749.58
	282	614.55	747.32
	283	623.83	744.73
	284	633.25	741.81
	285	642.81	738.57
	286	652.48	735.02
	287	662.29	731.15
	288	672.21	726.97
	289	682.24	722.50
	290	692.39	717.73
	291	702.64	712.68
	292	713.00	707.35
	293	723.46	701.76
	294	734.01	695.90
	295	744.65	689.80
	296	755.37	683.46
	297	766.18	676.89
	298	777.07	670.10
	299	788.03	663.10
	300	799.06	655.90
	301	810.15	648.52
	302	821.30	640.96
	303	832.51	633.25
	304	843.77	625.38
	305	855.07	617.38
	306	866.42	609.25
	307	877.81	601.01
	308	889.22	592.68
	309	900.67	584.26
	310	912.14	575.77
	311	923.63	567.22
	312	935.13	558.63
	313	946.65	550.01
	314	958.17	541.38
	315	969.68	532.74
	316	981.20	524.11
	317	992.71	515.51
	318	1004.20	506.95
	319	1015.68	498.44
	320	1027.13	489.99
	321	1038.56	481.63
	322	1049.96	473.36
	323	1061.32	465.20
	324	1072.63	457.15
	325	1083.91	449.24
	326	1095.13	441.48
	327	1106.30	433.87
	328	1117.42	426.43
	329	1128.47	419.18
	330	1139.45	412.11
	331	1150.36	405.25
	332	1161.19	398.61
	333	1171.95	392.19
	334	1182.61	386.01
	335	1193.19	380.08
	336	1203.68	374.40
	337	1214.07	368.99
	338	1224.36	363.85
	339	1234.54	358.99
	340	1244.61	354.42
	341	1254.57	350.15
	342	1264.41	346.18
	343	1274.13	342.52
	344	1283.72	339.18
	345	1293.18	336.16
	346	1302.51	333.47
	347	1311.70	331.10
	348	1320.76	329.07
	349	1329.66	327.38
	350	1338.42	326.03
	351	1347.03	325.02
	352	1355.49	324.35
	353	1363.78	324.03
	354	1371.92	324.06
	355	1379.89	324.43
	356	1387.69	325.14
	357	1395.32	326.20
	358	1402.77	327.60
	359	1410.05	329.34
	360	1417.15	331.42
	361	1424.07	333.83
	362	1430.80	336.57
	363	1437.34	339.64
	364	1443.69	343.02
	365	1449.85	346.73
	366	1455.81	350.74
	367	1461.58	355.05
	368	1467.14	359.66
	369	1472.50	364.56
	370	1477.66	369.74
	371	1482.60	375.19
	372	1487.34	380.90
	373	1491.87	386.87
	374	1496.19	393.09
	375	1500.29	399.54
	376	1504.17	406.21
	377	1507.84	413.10
	378	1511.29	420.19
	379	1514.52	427.47
	380	1517.52	434.94
	381	1520.30	442.57
	382	1522.86	450.36
	383	1525.20	458.29
	384	1527.30	466.35
	385	1529.18	474.53
	386	1530.84	482.81
	387	1532.26	491.19
	388	1533.46	499.64
	389	1534.42	508.16
	390	1535.16	516.73
	391	1535.67	525.33
	392	1535.94	533.96
	393	1535.99	542.60
	394	1535.81	551.23
	395	1535.39	559.85
	396	1534.75	568.44
	397	1533.87	576.98
	398	1532.77	585.46
	399	1531.43	593.87
	400	1529.87	602.19
	401	1528.08	610.41
	402	1526.06	618.52
	403	1523.82	626.50
	404	1521.35	634.35
	405	1518.66	642.04
	406	1515.74	649.57
	407	1512.60	656.93
	408	1509.24	664.10
	409	1505.66	671.07
	410	1501.86	677.83
	411	1497.85	684.37
	412	1493.62	690.68
	413	1489.17	696.75
	414	1484.52	702.57
	415	1479.65	708.12
	416	1474.58	713.41
	417	1469.30	718.42
	418	1463.82	723.15
	419	1458.13	727.58
	420	1452.25	731.71
	421	1446.17	735.54
	422	1439.89	739.05
	423	1433.43	742.25
	424	1426.77	745.12
	425	1419.93	747.66
	426	1412.90	749.87
	427	1405.69	751.75
	428	1398.31	753.28
	429	1390.75	754.48
	430	1383.01	755.33
	431	1375.11	755.84
	432	1367.04	756.00
	433	1358.81	755.82
	434	1350.42	755.29
	435	1341.87	754.41
	436	1333.17	753.20
	437	1324.32	751.64
	438	1315.33	749.75
	439	1306.19	747.51
	440	1296.91	744.95
	441	1287.50	742.06
	442	1277.96	738.84
	443	1268.29	735.31
	444	1258.50	731.47
	445	1248.59	727.32
	446	1238.56	722.86
	447	1228.42	718.12
	448	1218.18	713.09
	449	1207.83	707.79
	450	1197.38	702.21
	451	1186.84	696.38
	452	1176.20	690.30
	453	1165.48	683.97
	454	1154.68	677.42
	455	1143.80	670.64
	456	1132.85	663.66
	457	1121.82	656.48
	458	1110.74	649.11
	459	1099.59	641.57
	460	1088.38	633.87
	461	1077.13	626.01
	462	1065.83	618.02
	463	1054.48	609.90
	464	1043.10	601.67
	465	1031.69	593.35
	466	1020.24	584.93
	467	1008.77	576.45
	468	997.29	567.91
	469	985.78	559.32
	470	974.27	550.70
	471	962.75	542.06
	472	951.23	533.43
	473	939.72	524.80
	474	928.21	516.19
	475	916.71	507.63
	476	905.23	499.11
	477	893.78	490.66
	478	882.35	482.29
	479	870.95	474.02

End of Keyframe Data
