Adobe After Effects 8.0 Keyframe Data

	Units Per Second	60
	Source Width	1920
	Source Height	1080
	Source Pixel Aspect Ratio	1
	Comp Pixel Aspect Ratio	1

Effects	Slider Control #1	Slider
	Frame	percent
	0	100.00
	1	83.65
	2	69.97
	3	58.53
	4	48.95
	5	40.95
	6	34.25
	7	28.65
	8	23.97
	9	20.05
	10	16.77
	11	14.03
	12	11.73
	13	9.81
	14	8.21
	15	6.87
	16	5.74
	17	4.80
	18	4.02
	19	3.36
	20	2.81
	21	2.35
	22	1.97
	23	1.65
	24	1.38
	25	1.15
	26	0.96
	27	0.81
	28	100.00
	29	83.65
	30	69.97
	31	58.53
	32	48.95
	33	40.95
	34	34.25
	35	28.65
	36	23.97
	37	20.05
	38	16.77
	39	14.03
	40	11.73
	41	9.81
	42	8.21
	43	6.87
	44	5.74
	45	4.80
	46	4.02
	47	3.36
	48	2.81
	49	2.35
	50	1.97
	51	1.65
	52	1.38
	53	1.15
	54	0.96
	55	0.81
	56	100.00
	57	83.65
	58	69.97
	59	58.53
	60	48.95
	61	40.95
	62	34.25
	63	28.65
	64	23.97
	65	20.05
	66	16.77
	67	14.03
	68	11.73
	69	9.81
	70	8.21
	71	6.87
	72	5.74
	73	4.80
	74	4.02
	75	3.36
	76	2.81
	77	2.35
	78	1.97
	79	1.65
	80	1.38
	81	1.15
	82	0.96
	83	0.81
	84	100.00
	85	83.65
	86	69.97
	87	58.53
	88	48.95
	89	40.95
	90	34.25
	91	28.65
	92	23.97
	93	20.05
	94	16.77
	95	14.03
	96	11.73
	97	9.81
	98	8.21
	99	6.87
	100	5.74
	101	4.80
	102	4.02
	103	3.36
	104	2.81
	105	2.35
	106	1.97
	107	1.65
	108	1.38
	109	1.15
	110	0.96
	111	0.81
	112	100.00
	113	83.65
	114	69.97
	115	58.53
	116	48.95
	117	40.95
	118	34.25
	119	28.65
	120	23.97
	121	20.05
	122	16.77
	123	14.03
	124	11.73
	125	9.81
	126	8.21
	127	6.87
	128	5.74
	129	4.80
	130	4.02
	131	3.36
	132	2.81
	133	2.35
	134	1.97
	135	1.65
	136	1.38
	137	1.15
	138	0.96
	139	0.81
	140	100.00
	141	83.65
	142	69.97
	143	58.53
	144	48.95
	145	40.95
	146	34.25
	147	28.65
	148	23.97
	149	20.05
	150	16.77
	151	14.03
	152	11.73
	153	9.81
	154	8.21
	155	6.87
	156	5.74
	157	4.80
	158	4.02
	159	3.36
	160	2.81
	161	2.35
	162	1.97
	163	1.65
	164	1.38
	165	1.15
	166	0.96
	167	0.81
	168	100.00
	169	83.65
	170	69.97
	171	58.53
	172	48.95
	173	40.95
	174	34.25
	175	28.65
	176	23.97
	177	20.05
	178	16.77
	179	14.03
	180	11.73
	181	9.81
	182	8.21
	183	6.87
	184	5.74
	185	4.80
	186	4.02
	187	3.36
	188	2.81
	189	2.35
	190	1.97
	191	1.65
	192	1.38
	193	1.15
	194	0.96
	195	0.81
	196	100.00
	197	83.65
	198	69.97
	199	58.53
	200	48.95
	201	40.95
	202	34.25
	203	28.65
	204	23.97
	205	20.05
	206	16.77
	207	14.03
	208	11.73
	209	9.81
	210	8.21
	211	6.87
	212	5.74
	213	4.80
	214	4.02
	215	3.36
	216	2.81
	217	2.35
	218	1.97
	219	1.65
	220	1.38
	221	1.15
	222	0.96
	223	0.81
	224	100.00
	225	83.65
	226	69.97
	227	58.53
	228	48.95
	229	40.95
	230	34.25
	231	28.65
	232	23.97
	233	20.05
	234	16.77
	235	14.03
	236	11.73
	237	9.81
	238	8.21
	239	6.87
	240	5.74
	241	4.80
	242	4.02
	243	3.36
	244	2.81
	245	2.35
	246	1.97
	247	1.65
	248	1.38
	249	1.15
	250	0.96
	251	0.81
	252	100.00
	253	83.65
	254	69.97
	255	58.53
	256	48.95
	257	40.95
	258	34.25
	259	28.65
	260	23.97
	261	20.05
	262	16.77
	263	14.03
	264	11.73
	265	9.81
	266	8.21
	267	6.87
	268	5.74
	269	4.80
	270	4.02
	271	3.36
	272	2.81
	273	2.35
	274	1.97
	275	1.65
	276	1.38
	277	1.15
	278	0.96
	279	0.81
	280	100.00
	281	83.65
	282	69.97
	283	58.53
	284	48.95
	285	40.95
	286	34.25
	287	28.65
	288	23.97
	289	20.05
	290	16.77
	291	14.03
	292	11.73
	293	9.81
	294	8.21
	295	6.87
	296	5.74
	297	4.80
	298	4.02
	299	3.36
	300	2.81
	301	2.35
	302	1.97
	303	1.65
	304	1.38
	305	1.15
	306	0.96
	307	0.81
	308	100.00
	309	83.65
	310	69.97
	311	58.53
	312	48.95
	313	40.95
	314	34.25
	315	28.65
	316	23.97
	317	20.05
	318	16.77
	319	14.03
	320	11.73
	321	9.81
	322	8.21
	323	6.87
	324	5.74
	325	4.80
	326	4.02
	327	3.36
	328	2.81
	329	2.35
	330	1.97
	331	1.65
	332	1.38
	333	1.15
	334	0.96
	335	0.81
	336	100.00
	337	83.65
	338	69.97
	339	58.53
	340	48.95
	341	40.95
	342	34.25
	343	28.65
	344	23.97
	345	20.05
	346	16.77
	347	14.03
	348	11.73
	349	9.81
	350	8.21
	351	6.87
	352	5.74
	353	4.80
	354	4.02
	355	3.36
	356	2.81
	357	2.35
	358	1.97
	359	1.65
	360	1.38
	361	1.15
	362	0.96
	363	0.81
	364	100.00
	365	83.65
	366	69.97
	367	58.53
	368	48.95
	369	40.95
	370	34.25
	371	28.65
	372	23.97
	373	20.05
	374	16.77
	375	14.03
	376	11.73
	377	9.81
	378	8.21
	379	6.87
	380	5.74
	381	4.80
	382	4.02
	383	3.36
	384	2.81
	385	2.35
	386	1.97
	387	1.65
	388	1.38
	389	1.15
	390	0.96
	391	0.81
	392	100.00
	393	83.65
	394	69.97
	395	58.53
	396	48.95
	397	40.95
	398	34.25
	399	28.65
	400	23.97
	401	20.05
	402	16.77
	403	14.03
	404	11.73
	405	9.81
	406	8.21
	407	6.87
	408	5.74
	409	4.80
	410	4.02
	411	3.36
	412	2.81
	413	2.35
	414	1.97
	415	1.65
	416	1.38
	417	1.15
	418	0.96
	419	0.81
	420	100.00
	421	83.65
	422	69.97
	423	58.53
	424	48.95
	425	40.95
	426	34.25
	427	28.65
	428	23.97
	429	20.05
	430	16.77
	431	14.03
	432	11.73
	433	9.81
	434	8.21
	435	6.87
	436	5.74
	437	4.80
	438	4.02
	439	3.36
	440	2.81
	441	2.35
	442	1.97
	443	1.65
	444	1.38
	445	1.15
	446	0.96
	447	0.81
	448	100.00
	449	83.65
	450	69.97
	451	58.53
	452	48.95
	453	40.95
	454	34.25
	455	28.65
	456	23.97
	457	20.05
	458	16.77
	459	14.03
	460	11.73
	461	9.81
	462	8.21
	463	6.87
	464	5.74
	465	4.80
	466	4.02
	467	3.36
	468	2.81
	469	2.35
	470	1.97
	471	1.65
	472	1.38
	473	1.15
	474	0.96
	475	0.81
	476	100.00
	477	83.65
	478	69.97
	479	58.53

End of Keyframe Data
